# Represent the environment to be installed, e.g. via conda-pack or Constructor.
# Version 0.8.1 of conda-pack.
name: example_env_3104_1
channels:
  - defaults
dependencies:
  - brotlicffi=1.0.9.2=py310h5da7b33_1
  - bzip2=1.0.8=h2bbff1b_6
  - ca-certificates=2025.2.25=haa95532_0
  - certifi=2025.7.14=py310haa95532_0
  - cffi=1.17.1=py310h827c3e9_1
  - charset-normalizer=3.3.2=pyhd3eb1b0_0
  - colorama=0.4.6=py310haa95532_0
  - conda=22.11.1=py310haa95532_5
  - conda-package-handling=2.4.0=py310haa95532_0
  - conda-package-streaming=0.12.0=py310haa95532_0
  - cryptography=41.0.3=py310h3438e0d_0
  - idna=3.7=py310haa95532_0
  - libffi=3.4.4=hd77b12b_1
  - lz4-c=1.9.4=h2bbff1b_1
  - menuinst=1.4.19=py310h59b6b97_0
  - openssl=1.1.1w=h2bbff1b_0
  - pip=25.1=pyhc872135_2
  - pluggy=1.5.0=py310haa95532_0
  - pycosat=0.6.6=py310h827c3e9_2
  - pycparser=2.21=pyhd3eb1b0_0
  - pyopenssl=23.2.0=py310haa95532_0
  - pysocks=1.7.1=py310haa95532_0
  - python=3.10.4=hbb2ffb3_0
  - requests=2.32.4=py310haa95532_0
  - ruamel.yaml=0.17.21=py310h2bbff1b_0
  - ruamel.yaml.clib=0.2.12=py310h827c3e9_0
  - setuptools=78.1.1=py310haa95532_0
  - sqlite=3.50.2=hda9a48d_1
  - tk=8.6.14=h5e9d12e_1
  - toolz=1.0.0=py310haa95532_0
  - tqdm=4.67.1=py310h9909e9c_0
  - tzdata=2025b=h04d1e81_0
  - ucrt=10.0.22621.0=haa95532_0
  - urllib3=2.5.0=py310haa95532_0
  - vc=14.3=h2df5915_10
  - vc14_runtime=14.44.35208=h4927774_10
  - vs2015_runtime=14.44.35208=ha6b5a95_10
  - wheel=0.45.1=py310haa95532_0
  - win_inet_pton=1.1.0=py310haa95532_0
  - xz=5.6.4=h4754444_1
  - zlib=1.2.13=h8cc25b3_1
  - zstandard=0.23.0=py310h4fc1ca9_1
  - zstd=1.5.6=h8880b57_0
prefix: C:\Thermo_Scientific\Python\envs\example_env_3104_1
